Q5              Learn list ,forward list
1
6 7
1 1 1 1 1 1
1 1 6
0 1 6
1 1 6
0 1 6
1 1 6
0 1 6
1 1 6
0x80096004
primes
2 3 5 7 11 13 17 19 23 29 31 37 41 43 47 53 59 61 67 71 73 79 83 89 97 101 103 107 109 113 127 131 137 139 149 151 157 
163 167 173 179 181 191 193 197 199 211 223 227 229 233 239 241 251 257 263 269 271 277 281 283 293 307 311 313 317 331
337 347 349 353 359 367 373 379 383 389 397 401 409 419 421 431 433 439 443 449 457 461 463 467 479 487 491 499 503 509 
521 523 541 547 557 563 569 571 577 587 593 599 601 607 613 617 619 631 641 643 647 653 659 661 673 677 683 691 701 709
719 727 733 739 743 751 757 761 769 773 787 797 809 811 821 823 827 829 839 853 857 859 863 877 881 883 887 907 911 919
929 937 941 947 953 967 971 977 983 991 997 
                                            1009 1013 1019 1021 1031 1033 1039 10491051 1061 1063 1069 1087 1091 1093 1097 
1103 1109 1117 1123 1129 1151 1153 1163 1171 1181 1187 1193 1201 1213 1217 1223 1229 1231 1237 1249 1259 1277 1279 1283 1289 
1291 1297 1301 1303 1307 1319 1321 1327 1361 1367 1373 1381 1399 1409 1423 1427 1429 1433 1439 1447 1451 1453 1459 1471 
1481 1483 1487 1489 1493 1499 1511 1523 1531 1543 1549 1553 1559 1567 1571 1579 1583 1597 1601 1607 1609 1613 1619 1621 
1627 1637 1657 1663 1667 1669 1693 1697 1699
len=168
1
10 124
7 11 13 1007 1008 1009 1013 1019 1021 1023
1 1 10
0 3 10
1 1 7
1 3 5

1
10 42
2 47 53 37 11 13 17 41 29 31
0 2 3
0 5 6
0 8 8
1 1 10

6 7
2 5 8 10 3 44
1 2 6
0 2 3
1 2 6
0 4 6
1 1 6
0 1 6
1 4 6
2 2
1 3
0 2 2
1 1 2


prime
1
6 6
3 5 7 13 23 31
1 1 6
0 1 6
1 1 6
0 1 6
1 1 6
0 1 6


Q4

yes
1
5 8
  1 3
  1 4 
  1 5
  2 3
  2 4
  2 5
  3 4
  3 5

yes
1
5 7
 3 4
 2 3
 2 4
 1 2
 1 3
 1 4
 1 5

no
1
6 8
 2 4
 2 3
 5 6
 1 2
 1 3
 1 4
 1 5
 1 6
no 
1
5 5
 5 3
 1 2
 1 3
 1 4
 1 5

no 
1
5 4
 1 2
 1 3
 1 4
 1 5

common tc
6
5 4
 1 2
 1 3
 1 4
 1 5
5 5
 5 3
 1 2
 1 3
 1 4
 1 5
6 8
 2 4
 2 3
 5 6
 1 2
 1 3
 1 4
 1 5
 1 6
5 7
 3 4
 2 3
 2 4
 1 2
 1 3
 1 4
 1 5
5 8
  1 3
  1 4 
  1 5
  2 3
  2 4
  2 5
  3 4
  3 5
5 6
  1 3
  1 4 
  1 5
  2 3
  2 4
  2 5  
no
no
no
yes
yes
no

no //doubt
1
6 8
 2 3
 1 2
 1 3
 1 4
 2 4
 2 6
 3 5
 4 6

//no output 
1
4 3
  1 2
  1 3
  1 4
  
yes // even doubt
1
6 13
 2 4
 2 5
 2 6
 1 2
 1 3
 1 4
 1 5
 1 6
 3 4
 3 5
 3 6
 4 5
 4 6

yes
1
6 12
 2 4
 2 5
 2 6
 1 2
 1 3
 1 5
 1 6
 3 4
 3 5
 3 6
 4 5
 4 6

no
1
6 11
 2 3
 2 4
 2 5
 2 6
 1 2
 1 3
 1 4
 1 5
 1 6
 4 6
 5 6
 
no
1
6 7
 2 4
 2 6
 1 2
 1 3
 1 4
 4 6
 3 5
 
no
1
6 7
1 2
1 3
2 3
1 4
3 5
4 6
5 6

no
1
6 9
 2 3
 2 4
 1 2
 1 3
 1 4
 1 5
 3 4
 3 5
 4 6
 
no 
1
7 10
 2 3
 2 4
 2 7
 1 2
 1 3
 1 4
 1 5
 3 4
 3 6
 4 5

no 
1
7 7
 2 3
 1 2
 1 4
 3 4
 5 6
 5 7
 6 7

no 
1
6 12
 1 2
 1 3
 1 4
 1 5
 1 6
 2 3
 2 4
 2 5
 2 6
 3 4
 3 5
 3 6

no
8 8
1 2 1 3 2 4 3 4
5 6 6 7 7 8 8 5
 
yes
1
4 3
1 2
1 3
2 3
no
1
4 3
1 2
2 3
2 4	
yes
1
4 2
1 2
4 3
yes
4 3
1 2
2 3
3 4
YES
4 6
1 2
1 3
1 4
2 3
2 4
3 4

5 0
5 1
 1 2
5 2
 1 2
 1 3
5 4
 1 2
 1 3
 1 4
 1 5
5 5
 1 2
 2 3
 3 4
 4 5
 5 1
 
 
Q3

3
12 1 2 3 4 5 6 2 3 3 4 4 4
10 1 1 1 2 2 2 3 4 3 4
8 1 2 3 4 1 2 3 4

3
10 1 1 3 4 2 3 3 2 2 4
12 1 1 1 2 2 2 3 3 4 4 2 3
8 1 2 3 4 1 2 3 4
